2 3 4 5 6 7 9 10 16 20 22 23 24 25 26 35 36
3 6 7 9 20 22 23 24 25 35 36
2 4 5 10 16 26
8 11 12 13 14 15 17 18 19 21 27 28 29 30 31 32 33 34
3 6 9 22 23 24 25 35
10 26
8 19 21 28 29 30 32 34
3 6 9 22 23 24 25
11 12 13 14 15 17 18 27 31 33
19 28 30 32 34
8 21 29
2 4 5 16
2 4 16
28 30 32 34
3 9 22 23 24
13 14 15 17 31 33
17 31
6 25
21 29
13 14 15 33
9 22 23 24
7 20 36
20 36
2 4
9 22
14 15
11 12 18 27
28 30
12 18
23 24
32 34
13 33
11 27
27
33
34
24
18
30
12
15
22
4
36
7
9
13
29
25
31
17
3
28
2
16
21
32
11
6
19
26
35
8
10
20
23
14
5
